              precision    recall  f1-score   support

           0     0.9929    0.9949    0.9939       980
           1     0.9913    0.9982    0.9947      1135
           2     0.9894    0.9932    0.9913      1032
           3     0.9960    0.9941    0.9950      1010
           4     0.9929    0.9959    0.9944       982
           5     0.9812    0.9933    0.9872       892
           6     0.9947    0.9843    0.9895       958
           7     0.9922    0.9883    0.9903      1028
           8     0.9817    0.9918    0.9867       974
           9     0.9980    0.9762    0.9870      1009

    accuracy                         0.9911     10000
   macro avg     0.9910    0.9910    0.9910     10000
weighted avg     0.9911    0.9911    0.9911     10000
